10
Galle
Colombo
Hambantota
Anuradhapura
Trincomalee
Nuwara Eliya
Gampaha
Rathnapura
Kandy
Jaffna
0 119 90 250 300 180 135 189 180 490 
119 0 200 210 214 158 74 80 115 350 
90 200 0 314 280 240 245 127 245 592 
250 210 314 0 124 104 184 215 175 84 
300 214 280 124 0 240 248 245 136 84 
180 158 240 104 240 0 138 134 40 264 
135 74 245 184 248 138 0 147 142 324 
189 80 127 215 245 134 147 0 117 312 
180 115 245 175 136 40 142 117 0 316 
490 350 592 84 84 264 324 312 316 0 
